20
400
4 1 1
6 2 1
6 3 1
6 4 1
6 5 1
6 6 1
6 7 1
6 8 1
6 9 1
6 10 1
6 11 1
6 12 1
6 13 1
6 14 1
6 15 1
6 16 1
6 17 1
6 18 1
6 19 1
4 20 1
6 1 2
9 2 2
9 3 2
9 4 2
9 5 2
9 6 2
9 7 2
9 8 2
9 9 2
9 10 2
9 11 2
9 12 2
9 13 2
9 14 2
9 15 2
9 16 2
9 17 2
9 18 2
9 19 2
6 20 2
6 1 3
9 2 3
9 3 3
9 4 3
9 5 3
9 6 3
9 7 3
9 8 3
9 9 3
9 10 3
9 11 3
9 12 3
9 13 3
9 14 3
9 15 3
9 16 3
9 17 3
9 18 3
9 19 3
6 20 3
6 1 4
9 2 4
9 3 4
9 4 4
9 5 4
9 6 4
9 7 4
9 8 4
9 9 4
9 10 4
9 11 4
9 12 4
9 13 4
9 14 4
9 15 4
9 16 4
9 17 4
9 18 4
9 19 4
6 20 4
6 1 5
9 2 5
9 3 5
9 4 5
9 5 5
9 6 5
9 7 5
9 8 5
9 9 5
9 10 5
9 11 5
9 12 5
9 13 5
9 14 5
9 15 5
9 16 5
9 17 5
9 18 5
9 19 5
6 20 5
6 1 6
9 2 6
9 3 6
9 4 6
9 5 6
9 6 6
9 7 6
9 8 6
9 9 6
9 10 6
9 11 6
9 12 6
9 13 6
9 14 6
9 15 6
9 16 6
9 17 6
9 18 6
9 19 6
6 20 6
6 1 7
9 2 7
9 3 7
9 4 7
9 5 7
9 6 7
9 7 7
9 8 7
9 9 7
9 10 7
9 11 7
9 12 7
9 13 7
9 14 7
9 15 7
9 16 7
9 17 7
9 18 7
9 19 7
6 20 7
6 1 8
9 2 8
9 3 8
9 4 8
9 5 8
9 6 8
9 7 8
9 8 8
9 9 8
9 10 8
9 11 8
9 12 8
9 13 8
9 14 8
9 15 8
9 16 8
9 17 8
9 18 8
9 19 8
6 20 8
6 1 9
9 2 9
9 3 9
9 4 9
9 5 9
9 6 9
9 7 9
9 8 9
9 9 9
9 10 9
9 11 9
9 12 9
9 13 9
9 14 9
9 15 9
9 16 9
9 17 9
9 18 9
9 19 9
6 20 9
6 1 10
9 2 10
9 3 10
9 4 10
9 5 10
9 6 10
9 7 10
9 8 10
9 9 10
9 10 10
9 11 10
9 12 10
9 13 10
9 14 10
9 15 10
9 16 10
9 17 10
9 18 10
9 19 10
6 20 10
6 1 11
9 2 11
9 3 11
9 4 11
9 5 11
9 6 11
9 7 11
9 8 11
9 9 11
9 10 11
9 11 11
9 12 11
9 13 11
9 14 11
9 15 11
9 16 11
9 17 11
9 18 11
9 19 11
6 20 11
6 1 12
9 2 12
9 3 12
9 4 12
9 5 12
9 6 12
9 7 12
9 8 12
9 9 12
9 10 12
9 11 12
9 12 12
9 13 12
9 14 12
9 15 12
9 16 12
9 17 12
9 18 12
9 19 12
6 20 12
6 1 13
9 2 13
9 3 13
9 4 13
9 5 13
9 6 13
9 7 13
9 8 13
9 9 13
9 10 13
9 11 13
9 12 13
9 13 13
9 14 13
9 15 13
9 16 13
9 17 13
9 18 13
9 19 13
6 20 13
6 1 14
9 2 14
9 3 14
9 4 14
9 5 14
9 6 14
9 7 14
9 8 14
9 9 14
9 10 14
9 11 14
9 12 14
9 13 14
9 14 14
9 15 14
9 16 14
9 17 14
9 18 14
9 19 14
6 20 14
6 1 15
9 2 15
9 3 15
9 4 15
9 5 15
9 6 15
9 7 15
9 8 15
9 9 15
9 10 15
9 11 15
9 12 15
9 13 15
9 14 15
9 15 15
9 16 15
9 17 15
9 18 15
9 19 15
6 20 15
6 1 16
9 2 16
9 3 16
9 4 16
9 5 16
9 6 16
9 7 16
9 8 16
9 9 16
9 10 16
9 11 16
9 12 16
9 13 16
9 14 16
9 15 16
9 16 16
9 17 16
9 18 16
9 19 16
6 20 16
6 1 17
9 2 17
9 3 17
9 4 17
9 5 17
9 6 17
9 7 17
9 8 17
9 9 17
9 10 17
9 11 17
9 12 17
9 13 17
9 14 17
9 15 17
9 16 17
9 17 17
9 18 17
9 19 17
6 20 17
6 1 18
9 2 18
9 3 18
9 4 18
9 5 18
9 6 18
9 7 18
9 8 18
9 9 18
9 10 18
9 11 18
9 12 18
9 13 18
9 14 18
9 15 18
9 16 18
9 17 18
9 18 18
9 19 18
6 20 18
6 1 19
9 2 19
9 3 19
9 4 19
9 5 19
9 6 19
9 7 19
9 8 19
9 9 19
9 10 19
9 11 19
9 12 19
9 13 19
9 14 19
9 15 19
9 16 19
9 17 19
9 18 19
9 19 19
6 20 19
4 1 20
6 2 20
6 3 20
6 4 20
6 5 20
6 6 20
6 7 20
6 8 20
6 9 20
6 10 20
6 11 20
6 12 20
6 13 20
6 14 20
6 15 20
6 16 20
6 17 20
6 18 20
6 19 20
4 20 20
